elcome to minicom 2.7.1

OPTIONS: I18n 
Compiled on Aug 13 2017, 15:25:34.
Port /dev/ttyUSB0, 09:30:21

Press CTRL-A Z for help on special keys

Rak5205 GPS demo program
The Quectel L76 GPS receiver is connected to Rak811 UART 3
The GPS timing pulse is connected to Rak811 GPIO PA0
Stack pointer is at 20007ff8
fifo buffer allocated at 0x200008a0
Switching GPS Standby off
$PMTK011,MTKGPS*08
$PMTK010,001*2E
$PMTK011,MTKGPS*08
$PMTK010,002*2D
$GNRMC,093130.804,A,4618.7522,N,00606.8162,E,4.26,190.58,131218,,,A,V*07
$GPVTG,190.58,T,,M,4.26,N,7.90,K,A*36
$GPGGA,093130.804,4618.7522,N,00606.8162,E,1,7,1.41,481.5,M,48.2,M,,*59
$GNGSA,A,3,03,09,19,06,,,,,,,,,1.69,1.41,0.92,1*04
$GNGSA,A,3,71,85,69,,,,,,,,,,1.69,1.41,0.92,2*07
$GPGSV,3,1,12,23,77,184,,03,61,070,32,09,47,217,31,22,41,087,,0*6C
$GPGSV,3,2,12,19,37,277,30,06,34,310,29,17,34,245,23,01,30,145,,0*63
$GPGSV,3,3,12,31,18,044,,40,13,114,,11,09,161,,18,03,142,,0*6D
$GLGSV,3,1,10,85,62,268,24,70,58,284,,69,47,042,29,84,32,185,,1*7C
$GLGSV,3,2,10,86,22,330,,79,19,087,,78,17,035,,71,13,255,30,1*75
$GLGSV,3,3,10,68,02,062,,80,01,133,,1*79
$GNGLL,4618.7522,N,00606.8162,E,093130.804,A,A*47
$GNRMC,093131.804,A,4618.7477,N,00606.8131,E,3.95,186.19,131218,,,A,V*0C
$GPVTG,186.19,T,,M,3.95,N,7.33,K,A*32
$GPGGA,093131.804,4618.7477,N,00606.8131,E,1,8,1.36,482.8,M,48.2,M,,*5E
$GNGSA,A,3,03,09,19,06,17,,,,,,,,1.65,1.36,0.92,1*0E
$GNGSA,A,3,71,85,69,,,,,,,,,,1.65,1.36,0.92,2*0B
$GPGSV,3,1,12,23,77,184,,03,61,070,31,09,47,217,32,22,41,087,,0*6C
$GPGSV,3,2,12,19,37,277,30,06,34,310,29,17,34,245,25,01,30,145,,0*65
$GPGSV,3,3,12,31,18,044,,40,13,114,,11,09,161,,18,03,142,,0*6D
$GLGSV,3,1,10,85,62,268,24,70,58,284,,69,47,042,30,84,32,185,,1*74
$GLGSV,3,2,10,86,22,330,,79,19,087,,78,17,035,,71,13,255,29,1*7D
$GLGSV,3,3,10,68,02,062,,80,01,133,,1*79
$GNGLL,4618.7477,N,00606.8131,E,093131.804,A,A*41
$GNRMC,093133.000,A,4618.7503,N,00606.8138,E,4.09,178.64,131218,,,A,V*00
$GPVTG,178.64,T,,M,4.09,N,7.58,K,A*36
$GPGGA,093133.000,4618.7503,N,00606.8138,E,1,8,1.37,482.5,M,48.2,M,,*57
$GNGSA,A,3,03,09,19,06,17,,,,,,,,1.65,1.37,0.92,1*0F
$GNGSA,A,3,71,85,69,,,,,,,,,,1.65,1.37,0.92,2*0A
$GPGSV,3,1,12,23,77,184,,03,61,070,32,09,47,217,32,22,41,087,,0*6F
$GPGSV,3,2,12,19,37,277,30,06,34,310,29,17,34,245,26,01,30,145,,0*66
$GPGSV,3,3,12,31,18,044,,40,13,114,,11,09,161,,18,03,142,,0*6D
$GLGSV,3,1,10,85,62,268,25,70,58,284,,69,47,042,29,84,32,185,,1*7D
$GLGSV,3,2,10,86,22,330,,79,19,087,,78,17,035,,71,13,255,30,1*75
$GLGSV,3,3,10,68,02,062,,80,01,133,,1*79
$GNGLL,4618.7503,N,00606.8138,E,093133.000,A,A*44
$GNRMC,093134.000,A,4618.7508,N,00606.8138,E,3.96,177.06,131218,,,A,V*06
$GPVTG,177.06,T,,M,3.96,N,7.34,K,A*36
$GPGGA,093134.000,4618.7508,N,00606.8138,E,1,8,1.37,483.0,M,48.2,M,,*5F
$GNGSA,A,3,03,09,19,06,17,,,,,,,,1.65,1.37,0.92,1*0F
$GNGSA,A,3,71,85,69,,,,,,,,,,1.65,1.37,0.92,2*0A
$GPGSV,3,1,12,23,77,184,,03,61,070,32,09,47,217,32,22,41,087,,0*6F
$GPGSV,3,2,12,19,37,277,29,06,34,310,29,17,34,245,25,01,30,145,18,0*64
$GPGSV,3,3,12,31,18,044,,40,13,114,,11,09,161,,18,03,142,,0*6D
$GLGSV,3,1,10,85,62,268,25,70,58,284,,69,47,042,30,84,32,185,,1*75
$GLGSV,3,2,10,86,22,330,,79,19,087,,78,17,035,,71,13,255,29,1*7D
$GLGSV,3,3,10,68,02,062,,80,01,133,,1*79
$GNGLL,4618.7508,N,00606.8138,E,093134.000,A,A*48
$GNRMC,093135.000,A,4618.7519,N,00606.8133,E,2.71,178.27,131218,,,A,V*08
$GPVTG,178.27,T,,M,2.71,N,5.02,K,A*35
$GPGGA,093135.000,4618.7519,N,00606.8133,E,1,8,1.37,483.3,M,48.2,M,,*56
$GNGSA,A,3,03,09,19,06,17,,,,,,,,1.65,1.37,0.92,1*0F
$GNGSA,A,3,71,85,69,,,,,,,,,,1.65,1.37,0.92,2*0A
$GPGSV,3,1,12,23,77,184,,03,61,070,32,09,47,217,32,22,41,087,,0*6F
$GPGSV,3,2,12,19,37,277,32,06,34,310,28,17,34,245,25,01,30,145,19,0*6E
$GPGSV,3,3,12,31,18,044,,40,13,114,,11,09,161,,18,03,142,,0*6D
$GLGSV,3,1,10,85,62,268,25,70,58,284,,69,47,042,29,84,32,185,,1*7D
$GLGSV,3,2,10,86,22,330,,79,19,087,,78,17,035,,71,13,255,30,1*75
$GLGSV,3,3,10,68,02,062,,80,01,133,,1*79
$GNGLL,4618.7519,N,00606.8133,E,093135.000,A,A*42
